ResID,Resname,Longest contact (frames),Longest contact (ps),Contact first frame,Contact last frame,Beginning of contact (ps),End of contact (ps)
118,ALA,700,14000,0,700,0,14000
129,PHE,414,8280,482,896,9640,17920
232,LYS,432,8640,0,432,0,8640
243,ILE,1438,28760,0,1438,0,28760
247,ILE,683,13660,117,800,2340,16000
278,PHE,453,9060,0,453,0,9060
292,TYR,488,9760,632,1120,12640,22400
295,MET,516,10320,214,730,4280,14600
299,TRP,450,9000,232,682,4640,13640
347,LEU,793,15860,0,793,0,15860
350,VAL,537,10740,75,612,1500,12240
351,VAL,1403,28060,0,1403,0,28060
355,CYS,500,10000,300,800,6000,16000
358,PRO,787,15740,0,787,0,15740
381,PHE,671,13420,785,1456,15700,29120
388,LEU,466,9320,277,743,5540,14860
