ResID,Resname,Longest contact (frames),Longest contact (ps),Contact first frame,Contact last frame,Beginning of contact (ps),End of contact (ps)
129,PHE,277,5540,903,1180,18060,23600
165,LEU,654,13080,694,1348,13880,26960
198,ALA,346,6920,1007,1353,20140,27060
241,TRP,312,6240,691,1003,13820,20060
245,ILE,658,13160,695,1353,13900,27060
292,TYR,452,9040,154,606,3080,12120
350,VAL,371,7420,995,1366,19900,27320
381,PHE,231,4620,359,590,7180,11800
392,VAL,223,4460,439,662,8780,13240
395,ILE,691,13820,343,1034,6860,20680
